[check stack: BEFORE]
stack a: 66 30 14 32 17 49 3 2 4 83 7 38 96 34 9 31 92 25 61 88 52 55 60 13 37 46 91 23 22 93 95 73 21 56 65 64 35 86 99 80 98 78 6 82 44 5 81 59 36 24 89 12 20 75 28 8 85 50 57 29 67 90 26 97 71 16 33 43 62 1 69 70 19 41 10 58 76 87 15 74 77 40 54 79 84 42 68 47 72 63 27 48 11 39 94 51 18 53 45 100 [100]
---command---
ra
pb
pb
rb
pb
pb
rb
pb
pb
rb
pb
rb
pb
rb
ra
pb
rb
pb
ra
pb
pb
rb
pb
ra
pb
rb
ra
ra
ra
ra
ra
pb
rb
pb
pb
ra
pb
rb
pb
rb
ra
ra
ra
pb
rb
ra
ra
ra
pb
ra
ra
ra
ra
ra
pb
rb
ra
pb
pb
rb
ra
ra
pb
pb
rb
ra
pb
rb
pb
rb
ra
pb
pb
rb
ra
pb
ra
pb
ra
ra
pb
ra
ra
pb
rb
pb
pb
ra
pb
rb
ra
ra
pb
rb
pb
pb
rb
ra
ra
ra
pb
rb
ra
ra
pb
ra
ra
ra
pb
ra
pb
ra
ra
pb
pb
pb
rb
pb
ra
ra
pb
rb
ra
pb
ra
sub_sort [size: 50]
top [size: 50, max: 50, min: 1, flag: 1]
stack a: 66 83 96 92 61 88 52 55 60 91 93 95 73 56 65 64 86 99 80 98 78 82 81 59 89 75 85 57 67 90 97 71 62 69 70 58 76 87 74 77 54 79 84 68 72 63 94 51 53 100 [50]
stack b: 45 39 48 27 47 42 40 41 43 33 26 29 50 28 36 44 35 46 37 31 34 38 49 32 30 14 17 3 2 4 7 9 25 13 23 22 21 6 5 24 12 20 8 16 1 19 10 15 11 18 [50]
pa
pa
pa
pa
pa
pa
pa
pa
pa
pa
pa
pa
pa
pa
pa
pa
pa
pa
pa
pa
pa
pa
pa
pa
pa
sub_sort [size: 25]
top [size: 25, max: 25, min: 1, flag: 0]
stack a: 30 32 49 38 34 31 37 46 35 44 36 28 50 29 26 33 43 41 40 42 47 27 48 39 45 66 83 96 92 61 88 52 55 60 91 93 95 73 56 65 64 86 99 80 98 78 82 81 59 89 75 85 57 67 90 97 71 62 69 70 58 76 87 74 77 54 79 84 68 72 63 94 51 53 100 [75]
stack b: 14 17 3 2 4 7 9 25 13 23 22 21 6 5 24 12 20 8 16 1 19 10 15 11 18 [25]
pa
pa
rb
rb
rb
rb
rb
pa
rb
pa
pa
pa
rb
rb
pa
rb
pa
rb
pa
pa
ra
pa
rb
pa
rb
pa
sub_sort [size: 12]
top [size: 12, max: 13, min: 2, flag: 0]
stack a: 18 15 19 16 20 24 21 22 23 25 17 14 30 32 49 38 34 31 37 46 35 44 36 28 50 29 26 33 43 41 40 42 47 27 48 39 45 66 83 96 92 61 88 52 55 60 91 93 95 73 56 65 64 86 99 80 98 78 82 81 59 89 75 85 57 67 90 97 71 62 69 70 58 76 87 74 77 54 79 84 68 72 63 94 51 53 100 1 [88]
stack b: 3 2 4 7 9 13 6 5 12 8 10 11 [12]
sb
pa
ra
pa
ra
pa
rr
rb
pa
sb
pa
ra
pa
ra
pa
rb
pa
pa
sub_sort [size: 3]
terminal [size: 3, max: 9, min: 7, flag: 0]
stack a: 11 10 12 13 18 15 19 16 20 24 21 22 23 25 17 14 30 32 49 38 34 31 37 46 35 44 36 28 50 29 26 33 43 41 40 42 47 27 48 39 45 66 83 96 92 61 88 52 55 60 91 93 95 73 56 65 64 86 99 80 98 78 82 81 59 89 75 85 57 67 90 97 71 62 69 70 58 76 87 74 77 54 79 84 68 72 63 94 51 53 100 1 2 3 4 5 6 [97]
stack b: 7 9 8 [3]
pa
rr
pa
ra
pa
ra
bottom [size: 4, max: 13, min: 10, flag: 0]
stack a: 11 10 12 13 18 15 19 16 20 24 21 22 23 25 17 14 30 32 49 38 34 31 37 46 35 44 36 28 50 29 26 33 43 41 40 42 47 27 48 39 45 66 83 96 92 61 88 52 55 60 91 93 95 73 56 65 64 86 99 80 98 78 82 81 59 89 75 85 57 67 90 97 71 62 69 70 58 76 87 74 77 54 79 84 68 72 63 94 51 53 100 1 2 3 4 5 6 7 8 9 [100]
stack b: [0]
sa
ra
ra
sub_sort [size: 0]
terminal [size: 0, max: 11, min: 12, flag: 0]
stack a: 12 13 18 15 19 16 20 24 21 22 23 25 17 14 30 32 49 38 34 31 37 46 35 44 36 28 50 29 26 33 43 41 40 42 47 27 48 39 45 66 83 96 92 61 88 52 55 60 91 93 95 73 56 65 64 86 99 80 98 78 82 81 59 89 75 85 57 67 90 97 71 62 69 70 58 76 87 74 77 54 79 84 68 72 63 94 51 53 100 1 2 3 4 5 6 7 8 9 10 11 [100]
stack b: [0]
ra
ra
bottom [size: 12, max: 25, min: 14, flag: 1]
stack a: 18 15 19 16 20 24 21 22 23 25 17 14 30 32 49 38 34 31 37 46 35 44 36 28 50 29 26 33 43 41 40 42 47 27 48 39 45 66 83 96 92 61 88 52 55 60 91 93 95 73 56 65 64 86 99 80 98 78 82 81 59 89 75 85 57 67 90 97 71 62 69 70 58 76 87 74 77 54 79 84 68 72 63 94 51 53 100 1 2 3 4 5 6 7 8 9 10 11 12 13 [100]
stack b: [0]
pb
pb
rb
pb
rb
pb
rb
pb
pb
pb
pb
pb
pb
pb
rb
ra
sub_sort [size: 11]
top [size: 11, max: 25, min: 15, flag: 1]
stack a: 30 32 49 38 34 31 37 46 35 44 36 28 50 29 26 33 43 41 40 42 47 27 48 39 45 66 83 96 92 61 88 52 55 60 91 93 95 73 56 65 64 86 99 80 98 78 82 81 59 89 75 85 57 67 90 97 71 62 69 70 58 76 87 74 77 54 79 84 68 72 63 94 51 53 100 1 2 3 4 5 6 7 8 9 10 11 12 13 14 [89]
stack b: 25 23 22 21 24 20 18 15 19 16 17 [11]
pa
pa
pa
pa
pa
pa
sub_sort [size: 5]
terminal [size: 5, max: 19, min: 15, flag: 0]
stack a: 20 24 21 22 23 25 30 32 49 38 34 31 37 46 35 44 36 28 50 29 26 33 43 41 40 42 47 27 48 39 45 66 83 96 92 61 88 52 55 60 91 93 95 73 56 65 64 86 99 80 98 78 82 81 59 89 75 85 57 67 90 97 71 62 69 70 58 76 87 74 77 54 79 84 68 72 63 94 51 53 100 1 2 3 4 5 6 7 8 9 10 11 12 13 14 [95]
stack b: 18 15 19 16 17 [5]
rb
pa
rr
pa
rr
rrb
pa
rr
pa
pa
ra
ra
bottom [size: 6, max: 25, min: 20, flag: 0]
stack a: 20 24 21 22 23 25 30 32 49 38 34 31 37 46 35 44 36 28 50 29 26 33 43 41 40 42 47 27 48 39 45 66 83 96 92 61 88 52 55 60 91 93 95 73 56 65 64 86 99 80 98 78 82 81 59 89 75 85 57 67 90 97 71 62 69 70 58 76 87 74 77 54 79 84 68 72 63 94 51 53 100 1 2 3 4 5 6 7 8 9 10 11 12 13 14 15 16 17 18 19 [100]
stack b: [0]
ra
pb
ra
ra
ra
sub_sort [size: 1]
terminal [size: 1, max: 24, min: 24, flag: 0]
stack a: 25 30 32 49 38 34 31 37 46 35 44 36 28 50 29 26 33 43 41 40 42 47 27 48 39 45 66 83 96 92 61 88 52 55 60 91 93 95 73 56 65 64 86 99 80 98 78 82 81 59 89 75 85 57 67 90 97 71 62 69 70 58 76 87 74 77 54 79 84 68 72 63 94 51 53 100 1 2 3 4 5 6 7 8 9 10 11 12 13 14 15 16 17 18 19 20 21 22 23 [99]
stack b: 24 [1]
pa
ra
ra
bottom [size: 25, max: 50, min: 26, flag: 1]
stack a: 30 32 49 38 34 31 37 46 35 44 36 28 50 29 26 33 43 41 40 42 47 27 48 39 45 66 83 96 92 61 88 52 55 60 91 93 95 73 56 65 64 86 99 80 98 78 82 81 59 89 75 85 57 67 90 97 71 62 69 70 58 76 87 74 77 54 79 84 68 72 63 94 51 53 100 1 2 3 4 5 6 7 8 9 10 11 12 13 14 15 16 17 18 19 20 21 22 23 24 25 [100]
stack b: [0]
pb
pb
rb
pb
pb
rb
pb
rb
pb
rb
pb
rb
pb
pb
rb
pb
pb
rb
pb
rb
pb
pb
rb
ra
pb
rb
pb
pb
pb
pb
pb
ra
pb
pb
pb
sub_sort [size: 23]
top [size: 23, max: 50, min: 28, flag: 1]
stack a: 66 83 96 92 61 88 52 55 60 91 93 95 73 56 65 64 86 99 80 98 78 82 81 59 89 75 85 57 67 90 97 71 62 69 70 58 76 87 74 77 54 79 84 68 72 63 94 51 53 100 1 2 3 4 5 6 7 8 9 10 11 12 13 14 15 16 17 18 19 20 21 22 23 24 25 26 27 [77]
stack b: 45 39 48 47 42 40 41 43 50 44 46 49 30 32 38 34 31 37 35 36 28 29 33 [23]
pa
pa
pa
pa
pa
pa
pa
pa
pa
pa
pa
pa
sub_sort [size: 11]
top [size: 11, max: 38, min: 28, flag: 0]
stack a: 49 46 44 50 43 41 40 42 47 48 39 45 66 83 96 92 61 88 52 55 60 91 93 95 73 56 65 64 86 99 80 98 78 82 81 59 89 75 85 57 67 90 97 71 62 69 70 58 76 87 74 77 54 79 84 68 72 63 94 51 53 100 1 2 3 4 5 6 7 8 9 10 11 12 13 14 15 16 17 18 19 20 21 22 23 24 25 26 27 [89]
stack b: 30 32 38 34 31 37 35 36 28 29 33 [11]
rb
rb
pa
pa
rb
pa
pa
pa
pa
ra
pa
rr
sub_sort [size: 4]
terminal [size: 4, max: 33, min: 30, flag: 0]
stack a: 36 35 37 34 38 49 46 44 50 43 41 40 42 47 48 39 45 66 83 96 92 61 88 52 55 60 91 93 95 73 56 65 64 86 99 80 98 78 82 81 59 89 75 85 57 67 90 97 71 62 69 70 58 76 87 74 77 54 79 84 68 72 63 94 51 53 100 1 2 3 4 5 6 7 8 9 10 11 12 13 14 15 16 17 18 19 20 21 22 23 24 25 26 27 28 29 [96]
stack b: 30 32 31 33 [4]
pa
ra
pa
pa
ra
ra
pa
ra
bottom [size: 5, max: 38, min: 34, flag: 0]
stack a: 36 35 37 34 38 49 46 44 50 43 41 40 42 47 48 39 45 66 83 96 92 61 88 52 55 60 91 93 95 73 56 65 64 86 99 80 98 78 82 81 59 89 75 85 57 67 90 97 71 62 69 70 58 76 87 74 77 54 79 84 68 72 63 94 51 53 100 1 2 3 4 5 6 7 8 9 10 11 12 13 14 15 16 17 18 19 20 21 22 23 24 25 26 27 28 29 30 31 32 33 [100]
stack b: [0]
pb
sa
pb
sa
ra
ra
sub_sort [size: 2]
terminal [size: 2, max: 37, min: 36, flag: 0]
stack a: 38 49 46 44 50 43 41 40 42 47 48 39 45 66 83 96 92 61 88 52 55 60 91 93 95 73 56 65 64 86 99 80 98 78 82 81 59 89 75 85 57 67 90 97 71 62 69 70 58 76 87 74 77 54 79 84 68 72 63 94 51 53 100 1 2 3 4 5 6 7 8 9 10 11 12 13 14 15 16 17 18 19 20 21 22 23 24 25 26 27 28 29 30 31 32 33 34 35 [98]
stack b: 37 36 [2]
pa
pa
ra
ra
ra
bottom [size: 12, max: 50, min: 39, flag: 1]
stack a: 49 46 44 50 43 41 40 42 47 48 39 45 66 83 96 92 61 88 52 55 60 91 93 95 73 56 65 64 86 99 80 98 78 82 81 59 89 75 85 57 67 90 97 71 62 69 70 58 76 87 74 77 54 79 84 68 72 63 94 51 53 100 1 2 3 4 5 6 7 8 9 10 11 12 13 14 15 16 17 18 19 20 21 22 23 24 25 26 27 28 29 30 31 32 33 34 35 36 37 38 [100]
stack b: [0]
pb
pb
pb
rb
pb
pb
rb
pb
rb
pb
rb
pb
rb
pb
pb
ra
pb
sub_sort [size: 11]
top [size: 11, max: 50, min: 40, flag: 1]
stack a: 66 83 96 92 61 88 52 55 60 91 93 95 73 56 65 64 86 99 80 98 78 82 81 59 89 75 85 57 67 90 97 71 62 69 70 58 76 87 74 77 54 79 84 68 72 63 94 51 53 100 1 2 3 4 5 6 7 8 9 10 11 12 13 14 15 16 17 18 19 20 21 22 23 24 25 26 27 28 29 30 31 32 33 34 35 36 37 38 39 [89]
stack b: 45 48 47 50 46 49 44 43 41 40 42 [11]
pa
pa
pa
pa
pa
pa
sub_sort [size: 5]
terminal [size: 5, max: 44, min: 40, flag: 0]
stack a: 49 46 50 47 48 45 66 83 96 92 61 88 52 55 60 91 93 95 73 56 65 64 86 99 80 98 78 82 81 59 89 75 85 57 67 90 97 71 62 69 70 58 76 87 74 77 54 79 84 68 72 63 94 51 53 100 1 2 3 4 5 6 7 8 9 10 11 12 13 14 15 16 17 18 19 20 21 22 23 24 25 26 27 28 29 30 31 32 33 34 35 36 37 38 39 [95]
stack b: 44 43 41 40 42 [5]
pa
pa
pa
pa
ra
ra
pa
ra
ra
ra
bottom [size: 6, max: 50, min: 45, flag: 0]
stack a: 49 46 50 47 48 45 66 83 96 92 61 88 52 55 60 91 93 95 73 56 65 64 86 99 80 98 78 82 81 59 89 75 85 57 67 90 97 71 62 69 70 58 76 87 74 77 54 79 84 68 72 63 94 51 53 100 1 2 3 4 5 6 7 8 9 10 11 12 13 14 15 16 17 18 19 20 21 22 23 24 25 26 27 28 29 30 31 32 33 34 35 36 37 38 39 40 41 42 43 44 [100]
stack b: [0]
pb
pb
rb
pb
pb
rb
pb
ra
sub_sort [size: 5]
terminal [size: 5, max: 50, min: 46, flag: 0]
stack a: 66 83 96 92 61 88 52 55 60 91 93 95 73 56 65 64 86 99 80 98 78 82 81 59 89 75 85 57 67 90 97 71 62 69 70 58 76 87 74 77 54 79 84 68 72 63 94 51 53 100 1 2 3 4 5 6 7 8 9 10 11 12 13 14 15 16 17 18 19 20 21 22 23 24 25 26 27 28 29 30 31 32 33 34 35 36 37 38 39 40 41 42 43 44 45 [95]
stack b: 48 50 49 46 47 [5]
rb
pa
pa
pa
rr
pa
pa
ra
ra
ra
ra
pb
pb
pb
pb
pb
rb
pb
pb
rb
pb
rb
pb
rb
pb
pb
pb
pb
rb
pb
rb
pb
rb
pb
rb
pb
pb
pb
pb
pb
pb
pb
pb
rb
pb
pb
rb
pb
pb
rb
pb
rb
pb
pb
pb
rb
pb
rb
pb
rb
pb
rb
pb
rb
pb
pb
pb
rb
pb
pb
rb
pb
pb
pb
rb
pb
rb
pb
rb
pb
ra
pb
rb
sub_sort [size: 48]
top [size: 48, max: 99, min: 52, flag: 1]
stack a: 100 1 2 3 4 5 6 7 8 9 10 11 12 13 14 15 16 17 18 19 20 21 22 23 24 25 26 27 28 29 30 31 32 33 34 35 36 37 38 39 40 41 42 43 44 45 46 47 48 49 50 51 [52]
stack b: 94 84 79 77 87 76 97 90 85 89 81 82 78 98 80 99 86 95 93 91 88 92 96 83 66 61 52 55 60 73 56 65 64 59 75 57 67 71 62 69 70 58 74 54 68 72 63 53 [48]
pa
pa
pa
pa
pa
pa
pa
pa
pa
pa
pa
pa
pa
pa
pa
pa
pa
pa
pa
pa
pa
pa
pa
pa
sub_sort [size: 24]
top [size: 24, max: 75, min: 52, flag: 0]
stack a: 83 96 92 88 91 93 95 86 99 80 98 78 82 81 89 85 90 97 76 87 77 79 84 94 100 1 2 3 4 5 6 7 8 9 10 11 12 13 14 15 16 17 18 19 20 21 22 23 24 25 26 27 28 29 30 31 32 33 34 35 36 37 38 39 40 41 42 43 44 45 46 47 48 49 50 51 [76]
stack b: 66 61 52 55 60 73 56 65 64 59 75 57 67 71 62 69 70 58 74 54 68 72 63 53 [24]
pa
rb
pa
rr
rb
pa
rb
pa
rb
rb
pa
rb
pa
pa
rb
pa
pa
rb
pa
rb
pa
pa
rb
pa
rr
sub_sort [size: 11]
top [size: 11, max: 64, min: 54, flag: 0]
stack a: 72 68 74 70 69 71 67 75 65 73 66 83 96 92 88 91 93 95 86 99 80 98 78 82 81 89 85 90 97 76 87 77 79 84 94 100 1 2 3 4 5 6 7 8 9 10 11 12 13 14 15 16 17 18 19 20 21 22 23 24 25 26 27 28 29 30 31 32 33 34 35 36 37 38 39 40 41 42 43 44 45 46 47 48 49 50 51 52 53 [89]
stack b: 55 60 56 64 59 57 62 58 54 63 61 [11]
rb
pa
rb
pa
rb
rb
pa
rb
pa
ra
pa
pa
sub_sort [size: 5]
terminal [size: 5, max: 59, min: 55, flag: 0]
stack a: 61 63 62 64 60 72 68 74 70 69 71 67 75 65 73 66 83 96 92 88 91 93 95 86 99 80 98 78 82 81 89 85 90 97 76 87 77 79 84 94 100 1 2 3 4 5 6 7 8 9 10 11 12 13 14 15 16 17 18 19 20 21 22 23 24 25 26 27 28 29 30 31 32 33 34 35 36 37 38 39 40 41 42 43 44 45 46 47 48 49 50 51 52 53 54 [95]
stack b: 55 56 59 57 58 [5]
pa
rr
pa
rrb
pa
rr
pa
pa
ra
ra
ra
bottom [size: 5, max: 64, min: 60, flag: 0]
stack a: 61 63 62 64 60 72 68 74 70 69 71 67 75 65 73 66 83 96 92 88 91 93 95 86 99 80 98 78 82 81 89 85 90 97 76 87 77 79 84 94 100 1 2 3 4 5 6 7 8 9 10 11 12 13 14 15 16 17 18 19 20 21 22 23 24 25 26 27 28 29 30 31 32 33 34 35 36 37 38 39 40 41 42 43 44 45 46 47 48 49 50 51 52 53 54 55 56 57 58 59 [100]
stack b: [0]
pb
pb
pb
rb
pb
ra
sub_sort [size: 4]
terminal [size: 4, max: 64, min: 61, flag: 0]
stack a: 72 68 74 70 69 71 67 75 65 73 66 83 96 92 88 91 93 95 86 99 80 98 78 82 81 89 85 90 97 76 87 77 79 84 94 100 1 2 3 4 5 6 7 8 9 10 11 12 13 14 15 16 17 18 19 20 21 22 23 24 25 26 27 28 29 30 31 32 33 34 35 36 37 38 39 40 41 42 43 44 45 46 47 48 49 50 51 52 53 54 55 56 57 58 59 60 [96]
stack b: 64 63 61 62 [4]
pa
pa
pa
ra
pa
ra
ra
ra
bottom [size: 11, max: 75, min: 65, flag: 1]
stack a: 72 68 74 70 69 71 67 75 65 73 66 83 96 92 88 91 93 95 86 99 80 98 78 82 81 89 85 90 97 76 87 77 79 84 94 100 1 2 3 4 5 6 7 8 9 10 11 12 13 14 15 16 17 18 19 20 21 22 23 24 25 26 27 28 29 30 31 32 33 34 35 36 37 38 39 40 41 42 43 44 45 46 47 48 49 50 51 52 53 54 55 56 57 58 59 60 61 62 63 64 [100]
stack b: [0]
pb
pb
rb
pb
pb
rb
pb
rb
pb
pb
rb
pb
ra
pb
ra
sub_sort [size: 9]
top [size: 9, max: 75, min: 67, flag: 1]
stack a: 83 96 92 88 91 93 95 86 99 80 98 78 82 81 89 85 90 97 76 87 77 79 84 94 100 1 2 3 4 5 6 7 8 9 10 11 12 13 14 15 16 17 18 19 20 21 22 23 24 25 26 27 28 29 30 31 32 33 34 35 36 37 38 39 40 41 42 43 44 45 46 47 48 49 50 51 52 53 54 55 56 57 58 59 60 61 62 63 64 65 66 [91]
stack b: 73 75 71 74 72 68 70 69 67 [9]
pa
pa
pa
pa
pa
sub_sort [size: 4]
terminal [size: 4, max: 70, min: 67, flag: 0]
stack a: 72 74 71 75 73 83 96 92 88 91 93 95 86 99 80 98 78 82 81 89 85 90 97 76 87 77 79 84 94 100 1 2 3 4 5 6 7 8 9 10 11 12 13 14 15 16 17 18 19 20 21 22 23 24 25 26 27 28 29 30 31 32 33 34 35 36 37 38 39 40 41 42 43 44 45 46 47 48 49 50 51 52 53 54 55 56 57 58 59 60 61 62 63 64 65 66 [96]
stack b: 68 70 69 67 [4]
rb
pa
pa
pa
ra
pa
ra
ra
ra
bottom [size: 5, max: 75, min: 71, flag: 0]
stack a: 72 74 71 75 73 83 96 92 88 91 93 95 86 99 80 98 78 82 81 89 85 90 97 76 87 77 79 84 94 100 1 2 3 4 5 6 7 8 9 10 11 12 13 14 15 16 17 18 19 20 21 22 23 24 25 26 27 28 29 30 31 32 33 34 35 36 37 38 39 40 41 42 43 44 45 46 47 48 49 50 51 52 53 54 55 56 57 58 59 60 61 62 63 64 65 66 67 68 69 70 [100]
stack b: [0]
sa
pb
sa
ra
ra
pb
ra
sub_sort [size: 2]
terminal [size: 2, max: 75, min: 74, flag: 0]
stack a: 83 96 92 88 91 93 95 86 99 80 98 78 82 81 89 85 90 97 76 87 77 79 84 94 100 1 2 3 4 5 6 7 8 9 10 11 12 13 14 15 16 17 18 19 20 21 22 23 24 25 26 27 28 29 30 31 32 33 34 35 36 37 38 39 40 41 42 43 44 45 46 47 48 49 50 51 52 53 54 55 56 57 58 59 60 61 62 63 64 65 66 67 68 69 70 71 72 73 [98]
stack b: 75 74 [2]
pa
pa
ra
ra
bottom [size: 24, max: 99, min: 76, flag: 1]
stack a: 83 96 92 88 91 93 95 86 99 80 98 78 82 81 89 85 90 97 76 87 77 79 84 94 100 1 2 3 4 5 6 7 8 9 10 11 12 13 14 15 16 17 18 19 20 21 22 23 24 25 26 27 28 29 30 31 32 33 34 35 36 37 38 39 40 41 42 43 44 45 46 47 48 49 50 51 52 53 54 55 56 57 58 59 60 61 62 63 64 65 66 67 68 69 70 71 72 73 74 75 [100]
stack b: [0]
pb
pb
pb
pb
rb
pb
pb
pb
pb
rb
pb
pb
rb
pb
pb
rb
pb
rb
pb
rb
pb
pb
rb
pb
pb
ra
pb
rb
ra
pb
rb
pb
rb
pb
sub_sort [size: 22]
top [size: 22, max: 99, min: 78, flag: 1]
stack a: 100 1 2 3 4 5 6 7 8 9 10 11 12 13 14 15 16 17 18 19 20 21 22 23 24 25 26 27 28 29 30 31 32 33 34 35 36 37 38 39 40 41 42 43 44 45 46 47 48 49 50 51 52 53 54 55 56 57 58 59 60 61 62 63 64 65 66 67 68 69 70 71 72 73 74 75 76 77 [78]
stack b: 94 97 90 89 98 99 95 93 91 92 96 83 88 86 80 78 82 81 85 87 79 84 [22]
pa
pa
pa
pa
pa
pa
pa
pa
pa
pa
pa
sub_sort [size: 11]
top [size: 11, max: 88, min: 78, flag: 0]
stack a: 96 92 91 93 95 99 98 89 90 97 94 100 1 2 3 4 5 6 7 8 9 10 11 12 13 14 15 16 17 18 19 20 21 22 23 24 25 26 27 28 29 30 31 32 33 34 35 36 37 38 39 40 41 42 43 44 45 46 47 48 49 50 51 52 53 54 55 56 57 58 59 60 61 62 63 64 65 66 67 68 69 70 71 72 73 74 75 76 77 [89]
stack b: 83 88 86 80 78 82 81 85 87 79 84 [11]
rb
pa
pa
rb
pa
rr
rb
pa
pa
pa
ra
pa
sub_sort [size: 4]
terminal [size: 4, max: 83, min: 80, flag: 0]
stack a: 84 87 85 86 88 96 92 91 93 95 99 98 89 90 97 94 100 1 2 3 4 5 6 7 8 9 10 11 12 13 14 15 16 17 18 19 20 21 22 23 24 25 26 27 28 29 30 31 32 33 34 35 36 37 38 39 40 41 42 43 44 45 46 47 48 49 50 51 52 53 54 55 56 57 58 59 60 61 62 63 64 65 66 67 68 69 70 71 72 73 74 75 76 77 78 79 [96]
stack b: 83 80 82 81 [4]
pa
pa
rr
pa
ra
pa
ra
ra
bottom [size: 5, max: 88, min: 84, flag: 0]
stack a: 84 87 85 86 88 96 92 91 93 95 99 98 89 90 97 94 100 1 2 3 4 5 6 7 8 9 10 11 12 13 14 15 16 17 18 19 20 21 22 23 24 25 26 27 28 29 30 31 32 33 34 35 36 37 38 39 40 41 42 43 44 45 46 47 48 49 50 51 52 53 54 55 56 57 58 59 60 61 62 63 64 65 66 67 68 69 70 71 72 73 74 75 76 77 78 79 80 81 82 83 [100]
stack b: [0]
ra
pb
ra
ra
sub_sort [size: 1]
terminal [size: 1, max: 87, min: 87, flag: 0]
stack a: 88 96 92 91 93 95 99 98 89 90 97 94 100 1 2 3 4 5 6 7 8 9 10 11 12 13 14 15 16 17 18 19 20 21 22 23 24 25 26 27 28 29 30 31 32 33 34 35 36 37 38 39 40 41 42 43 44 45 46 47 48 49 50 51 52 53 54 55 56 57 58 59 60 61 62 63 64 65 66 67 68 69 70 71 72 73 74 75 76 77 78 79 80 81 82 83 84 85 86 [99]
stack b: 87 [1]
pa
ra
ra
bottom [size: 11, max: 99, min: 89, flag: 1]
stack a: 96 92 91 93 95 99 98 89 90 97 94 100 1 2 3 4 5 6 7 8 9 10 11 12 13 14 15 16 17 18 19 20 21 22 23 24 25 26 27 28 29 30 31 32 33 34 35 36 37 38 39 40 41 42 43 44 45 46 47 48 49 50 51 52 53 54 55 56 57 58 59 60 61 62 63 64 65 66 67 68 69 70 71 72 73 74 75 76 77 78 79 80 81 82 83 84 85 86 87 88 [100]
stack b: [0]
pb
pb
rb
pb
rb
pb
rb
pb
pb
pb
ra
ra
pb
pb
rb
sub_sort [size: 9]
top [size: 9, max: 99, min: 91, flag: 1]
stack a: 100 1 2 3 4 5 6 7 8 9 10 11 12 13 14 15 16 17 18 19 20 21 22 23 24 25 26 27 28 29 30 31 32 33 34 35 36 37 38 39 40 41 42 43 44 45 46 47 48 49 50 51 52 53 54 55 56 57 58 59 60 61 62 63 64 65 66 67 68 69 70 71 72 73 74 75 76 77 78 79 80 81 82 83 84 85 86 87 88 89 90 [91]
stack b: 97 98 99 95 96 92 91 93 94 [9]
pa
pa
pa
pa
pa
sub_sort [size: 4]
terminal [size: 4, max: 94, min: 91, flag: 0]
stack a: 96 95 99 98 97 100 1 2 3 4 5 6 7 8 9 10 11 12 13 14 15 16 17 18 19 20 21 22 23 24 25 26 27 28 29 30 31 32 33 34 35 36 37 38 39 40 41 42 43 44 45 46 47 48 49 50 51 52 53 54 55 56 57 58 59 60 61 62 63 64 65 66 67 68 69 70 71 72 73 74 75 76 77 78 79 80 81 82 83 84 85 86 87 88 89 90 [96]
stack b: 92 91 93 94 [4]
pa
pa
ra
ra
pa
ra
pa
ra
bottom [size: 5, max: 99, min: 95, flag: 0]
stack a: 96 95 99 98 97 100 1 2 3 4 5 6 7 8 9 10 11 12 13 14 15 16 17 18 19 20 21 22 23 24 25 26 27 28 29 30 31 32 33 34 35 36 37 38 39 40 41 42 43 44 45 46 47 48 49 50 51 52 53 54 55 56 57 58 59 60 61 62 63 64 65 66 67 68 69 70 71 72 73 74 75 76 77 78 79 80 81 82 83 84 85 86 87 88 89 90 91 92 93 94 [100]
stack b: [0]
sa
ra
ra
pb
sa
ra
ra
sub_sort [size: 1]
terminal [size: 1, max: 99, min: 99, flag: 0]
stack a: 100 1 2 3 4 5 6 7 8 9 10 11 12 13 14 15 16 17 18 19 20 21 22 23 24 25 26 27 28 29 30 31 32 33 34 35 36 37 38 39 40 41 42 43 44 45 46 47 48 49 50 51 52 53 54 55 56 57 58 59 60 61 62 63 64 65 66 67 68 69 70 71 72 73 74 75 76 77 78 79 80 81 82 83 84 85 86 87 88 89 90 91 92 93 94 95 96 97 98 [99]
stack b: 99 [1]
pa
ra
ra

-------------
[check stack: AFTER]
stack a: 1 2 3 4 5 6 7 8 9 10 11 12 13 14 15 16 17 18 19 20 21 22 23 24 25 26 27 28 29 30 31 32 33 34 35 36 37 38 39 40 41 42 43 44 45 46 47 48 49 50 51 52 53 54 55 56 57 58 59 60 61 62 63 64 65 66 67 68 69 70 71 72 73 74 75 76 77 78 79 80 81 82 83 84 85 86 87 88 89 90 91 92 93 94 95 96 97 98 99 100 [100]
stack b: [0]
